56.0000 78.5000 16.0000 65.0000 0.0000
52.0000 73.0000 18.0000 66.0000 0.0000
40.5000 69.0000 17.0000 66.0000 0.0000
38.0000 73.0000 16.0000 64.0000 0.0000
44.5000 69.5000 17.0000 65.0000 0.0000
35.5000 70.0000 17.0000 64.0000 0.0000
37.0000 71.0000 16.0000 66.0000 0.0000
40.5000 71.0000 17.0000 64.0000 0.0000
46.5000 69.5000 17.0000 65.0000 0.0000
46.0000 65.0000 18.0000 66.0000 0.0000
49.0000 62.0000 18.0000 64.0000 0.0000
51.5000 64.0000 17.0000 68.0000 0.0000
67.5000 69.0000 17.0000 68.0000 0.0000
72.0000 66.0000 18.0000 68.0000 0.0000
69.0000 63.0000 18.0000 70.0000 0.0000
90.1806 63.3022 18.0000 70.0000 0.0000
104.7828 65.2021 18.0000 70.0000 0.0000
95.8575 60.6348 18.0000 70.0000 0.0000
86.9322 56.0676 18.0000 70.0000 0.0000
93.8375 58.2833 18.0000 70.0000 0.0000
91.3335 57.4703 18.0000 70.0000 0.0000
86.6219 56.6863 18.0000 70.0000 0.0000
88.4240 63.1832 18.0000 70.0000 0.0000
97.9148 70.8159 18.0000 70.0000 0.0000
80.1752 74.2390 18.0000 70.0000 0.0000
77.6711 73.4260 18.0000 70.0000 0.0000
85.3504 62.1598 18.0000 70.0000 0.0000
81.7888 54.1387 18.0000 70.0000 0.0000
74.3904 49.2274 18.0000 70.0000 0.0000
65.1593 44.4285 18.0000 70.0000 0.0000
67.7324 49.0306 18.0000 70.0000 0.0000
78.6913 54.8869 18.0000 70.0000 0.0000
87.5080 54.1775 18.0000 70.0000 0.0000
94.4133 56.3931 18.0000 70.0000 0.0000
110.7590 54.0059 18.0000 70.0000 0.0000
125.3613 55.9057 18.0000 70.0000 0.0000
118.4811 54.4481 18.0000 70.0000 0.0000
116.5040 49.4230 18.0000 70.0000 0.0000
138.5570 56.5606 18.0000 70.0000 0.0000
145.4623 58.7763 18.0000 70.0000 0.0000
152.3677 60.9919 18.0000 70.0000 0.0000
156.7406 66.7173 18.0000 70.0000 0.0000
158.2563 63.1959 18.0000 70.0000 0.0000
154.3585 61.1253 18.0000 70.0000 0.0000
159.1248 57.9431 18.0000 70.0000 0.0000
156.3893 59.3501 18.0000 70.0000 0.0000
129.8208 67.6206 18.0000 70.0000 0.0000
112.6391 65.5138 18.0000 70.0000 0.0000
108.7413 63.4432 18.0000 70.0000 0.0000
108.8544 66.0594 18.0000 70.0000 0.0000
115.3056 51.8545 18.0000 70.0000 0.0000
113.9512 42.3757 18.0000 70.0000 0.0000
115.4895 46.2073 18.0000 70.0000 0.0000
122.3948 48.4229 18.0000 70.0000 0.0000
126.0834 51.3600 18.0000 70.0000 0.0000
128.4038 60.3749 18.0000 70.0000 0.0000
116.7164 59.4689 18.0000 70.0000 0.0000
118.1945 66.6397 18.0000 70.0000 0.0000
108.9634 61.8407 18.0000 70.0000 0.0000
108.8466 54.0062 18.0000 70.0000 0.0000
130.0532 49.3274 18.0000 70.0000 0.0000
142.9895 51.7815 18.0000 70.0000 0.0000
137.0285 56.8050 18.0000 70.0000 0.0000
138.5669 60.6366 18.0000 70.0000 0.0000
135.8473 66.9423 18.0000 70.0000 0.0000
136.8109 69.8905 18.0000 70.0000 0.0000
140.0167 78.6694 18.0000 70.0000 0.0000
148.1004 90.1180 18.0000 70.0000 0.0000
147.3461 100.7693 18.0000 70.0000 0.0000
131.2316 89.8697 18.0000 70.0000 0.0000
132.9160 77.5443 18.0000 70.0000 0.0000
126.2264 79.0405 18.0000 70.0000 0.0000
116.5219 83.9615 18.0000 70.0000 0.0000
108.1615 72.0252 18.0000 70.0000 0.0000
105.4420 78.3308 18.0000 70.0000 0.0000
114.8740 87.9888 18.0000 70.0000 0.0000
127.2303 97.5747 18.0000 70.0000 0.0000
134.1356 99.7903 18.0000 70.0000 0.0000
144.8424 96.7605 18.0000 70.0000 0.0000
158.1022 105.1993 18.0000 70.0000 0.0000
144.9868 91.2799 18.0000 70.0000 0.0000
153.8161 89.3367 18.0000 70.0000 0.0000
168.0195 87.1801 18.0000 70.0000 0.0000
172.7858 83.9979 18.0000 70.0000 0.0000
180.7903 83.5484 18.0000 70.0000 0.0000
193.7266 86.0025 18.0000 70.0000 0.0000
187.0370 87.4987 18.0000 70.0000 0.0000
183.5446 94.6345 18.0000 70.0000 0.0000
185.0829 98.4661 18.0000 70.0000 0.0000
184.4155 87.6269 18.0000 70.0000 0.0000
143.5190 93.8322 18.0000 70.0000 0.0000
129.7785 76.7603 18.0000 70.0000 0.0000
141.5195 72.2334 18.0000 70.0000 0.0000
142.2426 68.3821 18.0000 70.0000 0.0000
143.7848 62.8477 18.0000 70.0000 0.0000
141.2808 62.0348 18.0000 70.0000 0.0000
146.8845 72.2635 18.0000 70.0000 0.0000
160.5102 79.3082 18.0000 70.0000 0.0000
160.6233 81.9244 18.0000 70.0000 0.0000
150.9189 86.8454 18.0000 70.0000 0.0000
152.4611 81.3110 18.0000 70.0000 0.0000
155.3764 75.1227 18.0000 70.0000 0.0000
151.4786 73.0521 18.0000 70.0000 0.0000
148.7561 52.5125 18.0000 70.0000 0.0000
184.1096 57.2235 18.0000 70.0000 0.0000
193.6005 64.8562 18.0000 70.0000 0.0000
191.6234 59.8311 18.0000 70.0000 0.0000
198.5287 62.0467 18.0000 70.0000 0.0000
203.5897 72.0597 18.0000 70.0000 0.0000
187.1052 77.3143 18.0000 70.0000 0.0000
188.6474 71.7799 18.0000 70.0000 0.0000
186.2802 80.8387 18.0000 70.0000 0.0000
180.2504 80.8289 18.0000 70.0000 0.0000
153.5646 80.4793 18.0000 70.0000 0.0000
146.6845 79.0216 18.0000 70.0000 0.0000
135.8586 93.6186 18.0000 70.0000 0.0000
138.5737 81.9130 18.0000 70.0000 0.0000
136.5965 76.8879 18.0000 70.0000 0.0000
136.3700 90.6270 18.0000 70.0000 0.0000
141.5251 85.0363 18.0000 70.0000 0.0000
159.7768 87.8920 18.0000 70.0000 0.0000
166.6821 90.1076 18.0000 70.0000 0.0000
162.8769 78.1832 18.0000 70.0000 0.0000
157.1562 87.9993 18.0000 70.0000 0.0000
160.1809 71.2954 18.0000 70.0000 0.0000
160.0641 63.4609 18.0000 70.0000 0.0000
188.6351 63.3680 18.0000 70.0000 0.0000
195.5405 65.5836 18.0000 70.0000 0.0000
195.6536 68.1998 18.0000 70.0000 0.0000
189.9328 78.0159 18.0000 70.0000 0.0000
187.9557 72.9908 18.0000 70.0000 0.0000
181.0755 71.5332 18.0000 70.0000 0.0000
185.4484 77.2586 18.0000 70.0000 0.0000
173.9950 73.6861 18.0000 70.0000 0.0000
158.3431 74.3672 18.0000 70.0000 0.0000
149.1120 69.5683 18.0000 70.0000 0.0000
160.1252 57.9709 18.0000 70.0000 0.0000
152.0998 60.3318 18.0000 70.0000 0.0000
159.7064 55.1317 18.0000 70.0000 0.0000
157.3391 64.1905 18.0000 70.0000 0.0000
